double pos_factor[6]
131072.0 * 129.6	-131072.0 * 100		131072.0 * 101		131072.0 * 81.6		131072.0 * 81		131072.0 * 51

double max_pos[6]
170.0	 40.0	 150.0	 180.0	 125.0	 360.0

double min_pos[6]
-170.0		-165.0		-125.0		-180.0		-125.0		-360.0

double max_vel[6]
230.0		300.0		300.0		300.0		375.0		600.0

double max_acc[6]
1150.0		1500.0		1500.0		1500.0		1875.0		3000.0

double pos_offset[6]
0.0345045068966465	0.151295566371175	-0.181133422007823	0.00569660673541914	0.0119907348546894	0.0908806917782888


DH_Param


Tool_Offset


