-564
-2438
119
11
-86
-244
-564
-2438
119
11
-86
-244
-564
-2438
119
11
-86
-244
-564
-2438
119
11
-86
-244
-564
-2438
119
11
-86
-244
-564
-2438
119
10.9998
-86
-244
-564
-2438
119
10.9996
-86.0001
-244
-563.999
-2438
119
10.9992
-86.0001
-244
-563.999
-2438
119
10.9985
-86.0002
-244
-563.998
-2438
119
10.9976
-86.0004
-244
-563.998
-2438
119.001
10.9963
-86.0006
-244
-563.997
-2438
119.001
10.9947
-86.0009
-244
-563.996
-2438.01
119.001
10.9927
-86.0012
-244
-563.995
-2438.01
119.002
10.9903
-86.0017
-244
-563.994
-2438.01
119.002
10.9875
-86.0022
-244.001
-563.992
-2438.01
119.002
10.9843
-86.0028
-244.001
-563.991
-2438.01
119.003
10.9807
-86.0037
-244.001
-563.989
-2438.02
119.004
10.9766
-86.0046
-244.001
-563.986
-2438.02
119.004
10.9721
-86.0058
-244.001
-563.984
-2438.03
119.005
10.9671
-86.0072
-244.001
-563.981
-2438.03
119.006
10.9615
-86.0088
-244.001
-563.978
-2438.04
119.007
10.9552
-86.0108
-244.002
-563.975
-2438.04
119.008
10.9483
-86.013
-244.002
-563.971
-2438.05
119.009
10.9407
-86.0156
-244.002
-563.967
-2438.05
119.01
10.9323
-86.0185
-244.002
-563.962
-2438.06
119.012
10.9231
-86.0218
-244.003
-563.957
-2438.07
119.013
10.9132
-86.0256
-244.003
-563.952
-2438.08
119.015
10.9026
-86.0297
-244.003
-563.946
-2438.09
119.017
10.8911
-86.0343
-244.003
-563.939
-2438.09
119.019
10.8788
-86.0393
-244.004
-563.933
-2438.1
119.021
10.8657
-86.0448
-244.004
-563.925
-2438.12
119.023
10.8516
-86.0507
-244.004
-563.917
-2438.13
119.025
10.8366
-86.0571
-244.005
-563.909
-2438.14
119.028
10.8205
-86.064
-244.005
-563.9
-2438.15
119.031
10.8034
-86.0713
-244.006
-563.89
-2438.17
119.034
10.7852
-86.079
-244.006
-563.879
-2438.18
119.037
10.7659
-86.0871
-244.007
-563.869
-2438.19
119.041
10.7454
-86.0957
-244.007
-563.857
-2438.21
119.044
10.7237
-86.1047
-244.008
-563.845
-2438.23
119.048
10.701
-86.1141
-244.008
-563.832
-2438.24
119.052
10.6771
-86.124
-244.009
-563.818
-2438.26
119.056
10.652
-86.1343
-244.01
-563.804
-2438.28
119.061
10.6258
-86.145
-244.011
-563.789
-2438.3
119.065
10.5983
-86.1561
-244.011
-563.774
-2438.32
119.07
10.5697
-86.1677
-244.012
-563.757
-2438.34
119.075
10.5397
-86.1797
-244.013
-563.74
-2438.37
119.08
10.5084
-86.1922
-244.014
-563.722
-2438.39
119.086
10.4758
-86.2052
-244.015
-563.703
-2438.42
119.091
10.4417
-86.2187
-244.017
-563.684
-2438.44
119.097
10.4062
-86.2328
-244.018
-563.664
-2438.47
119.104
10.3694
-86.2474
-244.019
-563.643
-2438.5
119.11
10.3311
-86.2626
-244.02
-563.621
-2438.52
119.117
10.2915
-86.2785
-244.022
-563.598
-2438.55
119.124
10.2505
-86.295
-244.023
-563.574
-2438.58
119.131
10.2081
-86.3121
-244.025
-563.549
-2438.62
119.138
10.1643
-86.33
-244.026
-563.524
-2438.65
119.146
10.1191
-86.3486
-244.028
-563.498
-2438.68
119.153
10.0724
-86.368
-244.03
-563.471
-2438.71
119.161
10.0242
-86.3881
-244.031
-563.443
-2438.75
119.17
9.97434
-86.409
-244.033
