rs --pos={0.5,0.39252,0.7899,0.5,0.5,0.5} --vel=0.02
moveJR -m=1 --pos=0.1


mvj --pq={ 0.29342,-0.43863428,0.2786477,0.5271747,0.849668,-0.007837787,0.0094264}

/////Reserved
P1: 0.296926,
    -0.4385597,
    0.2771034,
    -0.707070,
    -0.70714,
    0,
    0



P2: 0.3438232,
    -0.4096945,
    0.27707736,
    -0.7070685,
    -0.7071450,
    0,
    0




P3:    0.30910799,
    -0.34915346,
    0.27707300,
    -0.707084,
    -0.7071295,
    0,
    0


P4: 0.2563542,
    -0.3824533,
    0.2770473,
    -0.707082,
    -0.70713,
    0,
    0


P5: 0.25856243,
    -0.42001145,
    0.284604726,
    -0.7070756,
    -0.707137,
    0,
    0
////////////////////////////////////////////////////
P1: 0.2948546323948619,
    -0.44725201465351694,
    0.2919706965481211,
    -0.7053168445432825,
    -0.7088921628352569,
    -0.00022332499242004017,
    2.0005156354424395e-05

P2: 0.35028480283061847,
    -0.411837922147951,
    0.29196975003475056,
    -0.705316767147767,
    -0.7088922398558959,
    -0.00022322540701510298,
    2.0560430847907887e-05


P3: 0.3069161184465493,
    -0.34224957747050017,
    0.29197014970357976,
    -0.7053169164230972,
    -0.7088920914737145,
    -0.00022267735030993664,
    2.1638716425968906e-05


P4: 0.25430774504268866,
    -0.37671639273820817,
    0.29197066497749546,
    -0.7053159702698338,
    -0.7088930331351607,
    -0.0002218834459000604,
    2.0554591209754303e-05

P5: 0.2540043832461578,
    -0.41965183721350474,
    0.2919714416780217,
    -0.7053170927329354,
    -0.708891916397787,
    -0.0002216299911384966,
    2.1089802100354256e-05



mvj --pq={ 0.296926,-0.4385597,0.3771034,-0.707070,-0.70714,0,0 } --joint_vel=0.03

mvj --pq={ 0.296926,-0.4385597,0.28,-0.707070,-0.70714,0,0 } --joint_vel=0.02




